   userId  movieId  rating
0       1        1     4.0
1       1        3     4.0
2       1        6     4.0
3       1       47     5.0
4       1       50     5.0
[[ 4.   0.   4.  ...,  0.   0.   0. ]
 [ 0.   0.   0.  ...,  0.   0.   0. ]
 [ 0.   0.   0.  ...,  0.   0.   0. ]
 ..., 
 [ 2.5  2.   2.  ...,  0.5  0.   0. ]
 [ 3.   0.   0.  ...,  0.   0.   0. ]
 [ 5.   0.   0.  ...,  0.   0.   0. ]]
500
Type: <class 'numpy.ndarray'>
(610, 500)
Type: <class 'numpy.ndarray'>
Users added
Item Column Averages:
[3.8982558139534884, 3.3802083333333335, 3.3658536585365852, 2.3333333333333335, 3.1714285714285713, 3.9583333333333335, 3.2023809523809526, 3.2, 3.142857142857143, 3.542452830188679, 3.6440677966101696, 2.125, 3.125, 3.8666666666666667, 3.090909090909091, 3.9153846153846152, 3.772727272727273, 3.7222222222222223, 2.734848484848485, 2.423076923076923, 3.41025641025641, 3.234375, 3.0, 3.2, 3.6384615384615384, 3.5, 3.6, 4.2272727272727275, 4.096774193548387, 2.5, 3.2580645161290325, 3.9545454545454546, 3.6601941747572817, 3.925925925925926, 2.125, 3.216666666666667, 4.25, 3.6, 3.4, 3.1666666666666665, 2.551282051282051, 3.1481481481481484, 2.8636363636363638, 4.003105590062112, 3.1610169491525424, 0.0, 4.239766081871345, 3.3095238095238093, 5.0, 2.3333333333333335, 4.0, 3.0625, 3.8461538461538463, 3.076923076923077, 3.75, 3.734848484848485, 2.7142857142857144, 2.0, 2.519230769230769, 2.4375, 3.3333333333333335, 3.607142857142857, 3.546511627906977, 1.5, 3.5, 3.55, 3.857142857142857, 2.3333333333333335, 3.2916666666666665, 4.0, 3.5, 2.727272727272727, 0.0, 2.9583333333333335, 3.75, 0.0, 4.5, 3.875, 2.8, 3.2142857142857144, 3.1666666666666665, 2.7142857142857144, 2.5, 3.9444444444444446, 2.992857142857143, 3.5, 4.125, 5.0, 3.0, 3.6666666666666665, 2.0, 3.0, 3.427710843373494, 3.4473684210526314, 4.0, 3.3541666666666665, 4.0, 3.9973958333333335, 4.097560975609756, 3.573529411764706, 3.3333333333333335, 4.333333333333333, 3.0, 2.5, 3.0, 4.0, 2.6, 4.375, 3.55, 1.8333333333333333, 0.0, 2.0, 2.8, 2.980769230769231, 3.0, 3.5, 3.506666666666667, 3.35, 3.3292682926829267, 3.3333333333333335, 3.4545454545454546, 5.0, 2.0, 3.814189189189189, 3.585714285714286, 1.5, 2.933628318584071, 3.8636363636363638, 2.4166666666666665, 3.3333333333333335, 3.25, 2.8333333333333335, 2.8181818181818183, 2.911111111111111, 3.5535714285714284, 4.1923076923076925, 3.5673076923076925, 3.3636363636363638, 3.536363636363636, 2.8333333333333335, 3.0348837209302326, 2.3333333333333335, 3.1551724137931036, 3.25, 2.7666666666666666, 2.5652173913043477, 3.0625, 4.0, 4.3, 2.75, 1.0, 1.5, 3.3703703703703702, 2.3333333333333335, 3.5, 3.5, 3.0738636363636362, 2.6621621621621623, 4.0, 3.25, 0.0, 3.0, 2.5, 2.3448275862068964, 3.8, 3.1, 2.6973684210526314, 3.3043478260869565, 4.0, 3.0, 3.0, 3.4722222222222223, 2.880952380952381, 3.142857142857143, 4.0, 3.46875, 3.0232558139534884, 3.25, 3.0, 3.0, 3.75, 3.6, 4.0, 4.095238095238095, 3.238095238095238, 2.75, 3.3636363636363638, 3.0, 3.0, 3.7857142857142856, 3.8, 3.5972222222222223, 3.4878048780487805, 2.8095238095238093, 2.3333333333333335, 3.5, 3.3863636363636362, 3.038095238095238, 3.727272727272727, 3.375, 2.4615384615384617, 3.625, 3.5405405405405403, 3.261904761904762, 4.0, 3.3333333333333335, 2.375, 4.0, 3.6, 3.0, 4.35, 4.027777777777778, 3.2333333333333334, 3.6, 2.5, 3.25, 3.4210526315789473, 3.478494623655914, 3.0, 2.25, 2.857142857142857, 3.4166666666666665, 2.6, 3.2, 4.229166666666667, 3.823529411764706, 4.153846153846154, 0.0, 3.9375, 3.375, 3.0625, 3.0, 3.125, 3.3333333333333335, 3.6964285714285716, 2.925, 2.9166666666666665, 2.0, 3.361111111111111, 3.25, 1.5, 3.0, 4.181818181818182, 3.7, 3.34375, 4.5, 4.5, 0.0, 0.0, 3.2253521126760565, 3.642857142857143, 4.15, 2.0, 3.3588235294117648, 3.990990990990991, 0.0, 3.0, 4.192607003891051, 0.0, 4.333333333333333, 3.546875, 0.0, 3.2, 2.8703703703703702, 3.6666666666666665, 2.7857142857142856, 4.2, 3.8421052631578947, 4.0588235294117645, 3.0, 3.0, 1.4444444444444444, 3.3333333333333335, 3.5, 2.8846153846153846, 3.364864864864865, 3.090909090909091, 4.407843137254902, 3.4411764705882355, 3.0, 4.0, 3.55, 4.0, 2.1, 4.5, 2.6538461538461537, 3.0555555555555554, 3.453488372093023, 3.0, 3.0, 2.9444444444444446, 3.6666666666666665, 4.333333333333333, 3.5, 3.0, 3.8225806451612905, 3.0, 3.463855421686747, 3.5, 4.0, 3.3461538461538463, 3.25, 2.9917355371900825, 3.546875, 3.6, 3.5, 3.4791666666666665, 3.6, 3.3846153846153846, 3.107142857142857, 2.5, 3.6770833333333335, 3.5, 2.421875, 4.162650602409639, 3.5246913580246915, 2.7142857142857144, 3.0, 2.6666666666666665, 3.0384615384615383, 3.3793103448275863, 4.0, 3.9925373134328357, 3.0, 2.9, 3.1825396825396823, 3.4649122807017543, 4.0, 3.0, 3.323529411764706, 2.736842105263158, 3.4444444444444446, 2.2954545454545454, 3.3225806451612905, 3.514388489208633, 2.7, 2.433333333333333, 3.452054794520548, 3.75, 3.1923076923076925, 3.235294117647059, 3.25, 0.0, 3.0, 2.1666666666666665, 2.0, 4.0, 4.5, 4.5, 1.9285714285714286, 2.35, 3.0, 3.642857142857143, 3.0, 0.0, 3.0, 3.423076923076923, 2.9761904761904763, 2.3333333333333335, 2.611111111111111, 2.5714285714285716, 3.888888888888889, 3.0, 2.7666666666666666, 2.7142857142857144, 3.2777777777777777, 3.0, 2.9285714285714284, 1.8333333333333333, 4.0, 3.2, 2.55, 3.75, 2.0, 3.75, 3.6666666666666665, 2.75, 2.8333333333333335, 3.0308641975308643, 2.4903846153846154, 2.625, 2.2857142857142856, 2.4, 3.533333333333333, 3.9324324324324325, 3.106060606060606, 2.3333333333333335, 2.909090909090909, 3.6875, 3.625, 0.0, 3.2, 0.0, 2.5, 3.0, 3.538961038961039, 2.421875, 3.75, 3.961783439490446, 3.0, 2.3, 2.5, 3.0, 2.888888888888889, 2.8173076923076925, 0.0, 3.2777777777777777, 3.4, 0.0, 3.5789473684210527, 2.625, 2.125, 3.675925925925926, 4.25, 1.0, 3.1923076923076925, 2.5, 2.25, 3.77720207253886, 3.1666666666666665, 3.5, 3.0, 2.891304347826087, 2.5, 2.6666666666666665, 3.0, 2.8333333333333335, 3.0, 3.3125, 3.85, 3.727272727272727, 3.357142857142857, 5.0, 5.0, 3.7777777777777777, 3.0, 3.411504424778761, 3.6, 2.4615384615384617, 3.0, 1.9, 4.5, 3.4545454545454546, 3.7058823529411766, 3.4565217391304346, 3.0, 2.0, 3.0, 3.3333333333333335, 3.4166666666666665, 3.5, 2.857142857142857, 3.1875, 2.375, 2.40625, 3.21, 3.25, 3.3333333333333335, 3.6666666666666665, 3.4074074074074074, 4.0, 4.2349726775956285, 2.0, 3.903225806451613, 3.35, 3.0, 2.9642857142857144, 3.607142857142857, 3.25, 3.3333333333333335, 3.1, 3.611111111111111, 3.5416666666666665, 2.6666666666666665, 4.148936170212766, 2.769230769230769, 3.296875, 2.357142857142857, 1.9444444444444444, 3.25, 2.7, 4.5, 3.4, 3.537313432835821, 3.2452830188679247, 3.74, 3.7755102040816326, 3.4, 2.9, 3.6944444444444446, 4.0, 1.0, 2.0, 3.5, 2.6666666666666665, 3.5, 4.0, 2.769230769230769, 2.125, 3.0]
Average seconds: 31.795730999999996
Similarity Matrix Done
Similarity seconds: 0.004213000000000022
preditced: 1  prediction:  3.8065050828313254  original:  5.0
preditced: 2  prediction:  5  original:  5.0
preditced: 3  prediction:  4.484781549921214  original:  3.0
preditced: 4  prediction:  3.8551338342333885  original:  4.0


// test

preditced: 1  prediction:  3.8065050828313254  original:  5.0
preditced: 2  prediction:  5  original:  5.0
preditced: 3  prediction:  4.484781549921214  original:  3.0
preditced: 4  prediction:  3.8551338342333885  original:  4.0
preditced: 5  prediction:  3.6771500620732462  original:  3.0
Error: 0.906479429534
preditced: 1  prediction:  4.040208045341443  original:  4.0
preditced: 2  prediction:  2.775267679636467  original:  3.0
preditced: 3  prediction:  4.537916539517852  original:  5.0
preditced: 4  prediction:  4.5179621280432825  original:  5.0
preditced: 5  prediction:  4.906371502740122  original:  5.0
Error: 0.679359552337
preditced: 1  prediction:  3.6662283559060516  original:  4.0
preditced: 2  prediction:  3.651274342330031  original:  3.5
preditced: 3  prediction:  3.458141001506024  original:  4.0
preditced: 4  prediction:  4.763263063312137  original:  5.0
preditced: 5  prediction:  4.281548161652993  original:  5.0
Error: 0.611850202039
preditced: 1  prediction:  4.687928810320114  original:  4.5